{
 "cells": [
  {
   "cell_type": "markdown",
   "metadata": {},
   "source": [
    "## Buka data"
   ]
  },
  {
   "cell_type": "code",
   "execution_count": 1,
   "metadata": {},
   "outputs": [],
   "source": [
    "import utility as ut\n",
    "import numpy as np\n",
    "import cvxpy as cp\n",
    "import matplotlib.pyplot as plt"
   ]
  },
  {
   "cell_type": "code",
   "execution_count": 2,
   "metadata": {},
   "outputs": [],
   "source": [
    "# Load data\n",
    "DIRECTORY = \"data/\"\n",
    "datasets = ut.load_excel_data(DIRECTORY)"
   ]
  },
  {
   "cell_type": "code",
   "execution_count": 3,
   "metadata": {},
   "outputs": [
    {
     "name": "stdout",
     "output_type": "stream",
     "text": [
      "751\n"
     ]
    }
   ],
   "source": [
    "DURATION = 15  # duration in seconds\n",
    "DT = 0.02  # time increment in seconds\n",
    "# Create a time array\n",
    "time_array = np.arange(0, DURATION + DT, DT)\n",
    "NUM_STEPS = len(time_array)\n",
    "print(NUM_STEPS)"
   ]
  },
  {
   "cell_type": "code",
   "execution_count": 4,
   "metadata": {},
   "outputs": [
    {
     "name": "stdout",
     "output_type": "stream",
     "text": [
      "39\n"
     ]
    }
   ],
   "source": [
    "interpolated_datasets = []\n",
    "for i in range(len(datasets)):\n",
    "    new_trolley_position = np.interp(\n",
    "        time_array, datasets[i][\"timestamp\"], datasets[i][\"trolley_position\"]\n",
    "    )\n",
    "    new_cable_length = np.interp(\n",
    "        time_array, datasets[i][\"timestamp\"], datasets[i][\"cable_length\"]\n",
    "    )\n",
    "    new_sway_angle = np.interp(\n",
    "        time_array, datasets[i][\"timestamp\"], datasets[i][\"sway_angle\"]\n",
    "    )\n",
    "    new_trolley_motor_pwm = np.interp(\n",
    "        time_array, datasets[i][\"timestamp\"], datasets[i][\"pwm_trolley_motor\"]\n",
    "    )\n",
    "    new_hoist_motor_pwm = np.interp(\n",
    "        time_array, datasets[i][\"timestamp\"], datasets[i][\"pwm_hoist_motor\"]\n",
    "    )\n",
    "    interpolated_df = {\n",
    "        \"trolley_position\": new_trolley_position,\n",
    "        \"cable_length\": new_cable_length,\n",
    "        \"sway_angle\": new_sway_angle,\n",
    "        \"trolley_motor_pwm\": new_trolley_motor_pwm,\n",
    "        \"hoist_motor_pwm\": new_hoist_motor_pwm,\n",
    "    }\n",
    "\n",
    "    interpolated_datasets.append(interpolated_df)\n",
    "\n",
    "print(len(interpolated_datasets))\n"
   ]
  },
  {
   "cell_type": "code",
   "execution_count": null,
   "metadata": {},
   "outputs": [],
   "source": []
  },
  {
   "cell_type": "code",
   "execution_count": 5,
   "metadata": {},
   "outputs": [],
   "source": [
    "def create_hankel_matrix(data_dict, L):\n",
    "    \"\"\"\n",
    "    Create a Hankel matrix from time-series data.\n",
    "\n",
    "    Parameters:\n",
    "    - data_dict: Dictionary with keys as variable names (inputs/outputs) and values as lists/arrays of time-series data.\n",
    "    - L: Lag parameter (number of past steps to include).\n",
    "    \n",
    "    Returns:\n",
    "    - H: The constructed Hankel matrix.\n",
    "    \"\"\"\n",
    "    # Convert dictionary values to a single stacked array (row-wise)\n",
    "    data_matrix = np.vstack([np.array(data_dict[key]) for key in data_dict])\n",
    "    \n",
    "    # Get the total number of time steps (T)\n",
    "    T = data_matrix.shape[1]\n",
    "    \n",
    "    # Compute number of columns for Hankel matrix\n",
    "    num_cols = T - L + 1\n",
    "    if num_cols <= 0:\n",
    "        raise ValueError(\"Not enough data points for the given L value!\")\n",
    "\n",
    "    # Construct Hankel matrix\n",
    "    hankel_rows = []\n",
    "    for i in range(L):\n",
    "        hankel_rows.append(data_matrix[:, i:i+num_cols])  # Take L past steps\n",
    "\n",
    "    H = np.vstack(hankel_rows)  # Stack vertically\n",
    "    return H"
   ]
  },
  {
   "cell_type": "code",
   "execution_count": 6,
   "metadata": {},
   "outputs": [],
   "source": [
    "L = 5  # Number of past steps to include\n",
    "N = 5  # Number of future steps to predict\n",
    "T = NUM_STEPS # Number of time steps"
   ]
  },
  {
   "cell_type": "code",
   "execution_count": 7,
   "metadata": {},
   "outputs": [
    {
     "name": "stdout",
     "output_type": "stream",
     "text": [
      "H_mosaic shape: (25, 29133)\n"
     ]
    }
   ],
   "source": [
    "H_y_mosaic = []\n",
    "H_u_mosaic = []\n",
    "\n",
    "for data in interpolated_datasets:\n",
    "    dict_y = {\"x\": data[\"trolley_position\"], \"l\": data[\"cable_length\"], \"theta\": data[\"sway_angle\"]}\n",
    "    dict_u = {\"u1\": data[\"trolley_motor_pwm\"], \"u2\": data[\"hoist_motor_pwm\"]}\n",
    "    H_y = create_hankel_matrix(dict_y, L)\n",
    "    H_u = create_hankel_matrix(dict_u, L)\n",
    "    H_y_mosaic.append(H_y)\n",
    "    H_u_mosaic.append(H_u)\n",
    "\n",
    "H_y_mosaic = np.hstack(H_y_mosaic)\n",
    "H_u_mosaic = np.hstack(H_u_mosaic)\n",
    "\n",
    "H_mosaic = np.vstack([H_y_mosaic, H_u_mosaic])\n",
    "\n",
    "print(\"H_mosaic shape:\", H_mosaic.shape)"
   ]
  },
  {
   "cell_type": "code",
   "execution_count": 8,
   "metadata": {},
   "outputs": [],
   "source": [
    "xi_list = []\n",
    "zeta_list = []\n",
    "\n",
    "for data in interpolated_datasets:\n",
    "    for k in range (L, T - N):\n",
    "        past_outputs = np.column_stack([data[\"trolley_position\"][k-L:k], data[\"cable_length\"][k-L:k], data[\"sway_angle\"][k-L:k]])\n",
    "        past_inputs = np.column_stack([data[\"trolley_motor_pwm\"][k-L:k], data[\"hoist_motor_pwm\"][k-L:k]])\n",
    "\n",
    "        xi = np.column_stack([past_outputs, past_inputs]).reshape(-1, 1)\n",
    "        xi_list.append(xi)\n",
    "\n",
    "        future_outputs = np.column_stack([data[\"trolley_position\"][k:k+N], data[\"cable_length\"][k:k+N], data[\"sway_angle\"][k:k+N]])\n",
    "        future_inputs = np.column_stack([data[\"trolley_motor_pwm\"][k:k+N], data[\"hoist_motor_pwm\"][k:k+N]])\n",
    "\n",
    "        zeta = np.column_stack([future_outputs, future_inputs]).reshape(-1, 1)\n",
    "        zeta_list.append(zeta)\n",
    "\n"
   ]
  },
  {
   "cell_type": "code",
   "execution_count": 9,
   "metadata": {},
   "outputs": [
    {
     "name": "stdout",
     "output_type": "stream",
     "text": [
      "Z_matrix shape: (25, 28899)\n",
      "xi_list shape: (28899, 25, 1)\n",
      "zeta_list shape: (28899, 25, 1)\n"
     ]
    }
   ],
   "source": [
    "Z_matrix = np.hstack(zeta_list)\n",
    "print(\"Z_matrix shape:\", Z_matrix.shape)\n",
    "\n",
    "print(\"xi_list shape:\", np.array(xi_list).shape)\n",
    "print(\"zeta_list shape:\", np.array(zeta_list).shape)"
   ]
  },
  {
   "cell_type": "code",
   "execution_count": 10,
   "metadata": {},
   "outputs": [],
   "source": [
    "def save_matrices(P, Phi, filename=\"matrices.npz\"):\n",
    "    \"\"\"\n",
    "    Saves P and Phi matrices to a compressed .npz file.\n",
    "\n",
    "    Parameters:\n",
    "    - P: Storage function matrix.\n",
    "    - Phi: Supply rate function matrix.\n",
    "    - filename: The filename to save (default: \"matrices.npz\").\n",
    "    \"\"\"\n",
    "    np.savez_compressed(filename, P=P, Phi=Phi)\n",
    "    print(f\"Saved matrices to {filename}\")\n"
   ]
  },
  {
   "cell_type": "code",
   "execution_count": 11,
   "metadata": {},
   "outputs": [],
   "source": [
    "def find_P_and_Phi(H, Z):\n",
    "    \"\"\"\n",
    "    Solves the LMI to find P and Phi.\n",
    "\n",
    "    Parameters:\n",
    "    - H: Hankel matrix (from create_hankel_matrix).\n",
    "    - Z: Z matrix (from create_Z_vector).\n",
    "    - n_states: Number of states in the extended system.\n",
    "\n",
    "    Returns:\n",
    "    - P: Storage function matrix.\n",
    "    - Phi: Supply rate function matrix.\n",
    "    \"\"\"\n",
    "    # Get matrix dimensions\n",
    "    n_samples = Z.shape[1] - 1  # Number of state transitions\n",
    "\n",
    "    print(\"n_samples: \", n_samples)\n",
    "\n",
    "    # Extract Xi0 and Xi1 from Hankel matrix\n",
    "    Xi0 = H[:, :-1]  # All but last column\n",
    "    Xi1 = H[:, 1:]   # All but first column\n",
    "\n",
    "    print(\"Shape Xi0: \", Xi0.shape)\n",
    "    print(\"Shape Xi1: \", Xi1.shape)\n",
    "\n",
    "    print(\"Shape Z: \", Z.shape)\n",
    "\n",
    "    # Define optimization variables\n",
    "    P = cp.Variable((H.shape[0], H.shape[0]), symmetric=True)\n",
    "    Phi = cp.Variable((Z.shape[0], Z.shape[0]), symmetric=True)\n",
    "\n",
    "    # Define LMI constraint: Xi1^T P Xi1 - Xi0^T P Xi0 - Z^T Phi Z <= 0\n",
    "    LMI_constraints = []\n",
    "    for i in range(n_samples):\n",
    "        Xi1_i = Xi1[:, i].reshape(-1, 1)\n",
    "        Xi0_i = Xi0[:, i].reshape(-1, 1)\n",
    "        Z_i = Z[:, i].reshape(-1, 1)\n",
    "        \n",
    "        LMI_constraints.append(\n",
    "            Xi1_i.T @ P @ Xi1_i - Xi0_i.T @ P @ Xi0_i - Z_i.T @ Phi @ Z_i << 0\n",
    "        )\n",
    "\n",
    "    # Ensure P is positive semi-definite\n",
    "    LMI_constraints.append(P >> 0)\n",
    "    # LMI_constraints.append(Phi >> 0)\n",
    "\n",
    "    # Define the optimization problem\n",
    "    problem = cp.Problem(cp.Minimize(0), LMI_constraints)\n",
    "\n",
    "    # Solve the LMI problem\n",
    "    problem.solve(solver=cp.MOSEK, verbose=True)\n",
    "\n",
    "    if problem.status in [\"infeasible\", \"unbounded\"]:\n",
    "        raise ValueError(\"LMI problem is infeasible. Check your data!\")\n",
    "\n",
    "    return P.value, Phi.value\n"
   ]
  },
  {
   "cell_type": "code",
   "execution_count": 12,
   "metadata": {},
   "outputs": [
    {
     "name": "stdout",
     "output_type": "stream",
     "text": [
      "n_samples:  28898\n",
      "Shape Xi0:  (25, 29132)\n",
      "Shape Xi1:  (25, 29132)\n",
      "Shape Z:  (25, 28899)\n",
      "===============================================================================\n",
      "                                     CVXPY                                     \n",
      "                             v1.6.1.dev0+0.1777eb0                             \n",
      "===============================================================================\n",
      "(CVXPY) Feb 22 01:31:12 PM: Your problem has 1250 variables, 29523 constraints, and 0 parameters.\n",
      "(CVXPY) Feb 22 01:31:16 PM: It is compliant with the following grammars: DCP, DQCP\n",
      "(CVXPY) Feb 22 01:31:16 PM: (If you need to solve this problem multiple times, but with different data, consider using parameters.)\n",
      "(CVXPY) Feb 22 01:31:16 PM: CVXPY will first compile your problem; then, it will invoke a numerical solver to obtain a solution.\n",
      "(CVXPY) Feb 22 01:31:16 PM: Your problem is compiled with the CPP canonicalization backend.\n",
      "-------------------------------------------------------------------------------\n",
      "                                  Compilation                                  \n",
      "-------------------------------------------------------------------------------\n",
      "(CVXPY) Feb 22 01:31:23 PM: Compiling problem (target solver=MOSEK).\n",
      "(CVXPY) Feb 22 01:31:23 PM: Reduction chain: Dcp2Cone -> CvxAttr2Constr -> ConeMatrixStuffing -> MOSEK\n",
      "(CVXPY) Feb 22 01:31:23 PM: Applying reduction Dcp2Cone\n",
      "(CVXPY) Feb 22 01:31:29 PM: Applying reduction CvxAttr2Constr\n",
      "(CVXPY) Feb 22 01:31:33 PM: Applying reduction ConeMatrixStuffing\n",
      "(CVXPY) Feb 22 02:00:42 PM: Applying reduction MOSEK\n",
      "(CVXPY) Feb 22 02:26:52 PM: Finished problem compilation (took 3.336e+03 seconds).\n",
      "-------------------------------------------------------------------------------\n",
      "                                Numerical solver                               \n",
      "-------------------------------------------------------------------------------\n",
      "(CVXPY) Feb 22 02:26:52 PM: Invoking solver MOSEK  to obtain a solution.\n",
      "\n",
      "\n"
     ]
    },
    {
     "name": "stderr",
     "output_type": "stream",
     "text": [
      "/home/icodes/.local/lib/python3.10/site-packages/mosek/__init__.py:18617: UserWarning: Argument sub in putvarboundlist: Incorrect array format causing data to be copied\n",
      "  warnings.warn(\"Argument sub in putvarboundlist: Incorrect array format causing data to be copied\");\n",
      "/home/icodes/.local/lib/python3.10/site-packages/mosek/__init__.py:18925: UserWarning: Argument subj in putclist: Incorrect array format causing data to be copied\n",
      "  warnings.warn(\"Argument subj in putclist: Incorrect array format causing data to be copied\");\n",
      "/home/icodes/.local/lib/python3.10/site-packages/mosek/__init__.py:18349: UserWarning: Argument sub in putconboundlist: Incorrect array format causing data to be copied\n",
      "  warnings.warn(\"Argument sub in putconboundlist: Incorrect array format causing data to be copied\");\n"
     ]
    },
    {
     "name": "stdout",
     "output_type": "stream",
     "text": [
      "(CVXPY) Feb 22 02:27:27 PM: Problem\n",
      "(CVXPY) Feb 22 02:27:27 PM:   Name                   :                 \n",
      "(CVXPY) Feb 22 02:27:27 PM:   Objective sense        : maximize        \n",
      "(CVXPY) Feb 22 02:27:27 PM:   Type                   : CONIC (conic optimization problem)\n",
      "(CVXPY) Feb 22 02:27:27 PM:   Constraints            : 650             \n",
      "(CVXPY) Feb 22 02:27:27 PM:   Affine conic cons.     : 0               \n",
      "(CVXPY) Feb 22 02:27:27 PM:   Disjunctive cons.      : 0               \n",
      "(CVXPY) Feb 22 02:27:27 PM:   Cones                  : 0               \n",
      "(CVXPY) Feb 22 02:27:27 PM:   Scalar variables       : 0               \n",
      "(CVXPY) Feb 22 02:27:27 PM:   Matrix variables       : 28899 (scalarized: 29223)\n",
      "(CVXPY) Feb 22 02:27:27 PM:   Integer variables      : 0               \n",
      "(CVXPY) Feb 22 02:27:27 PM: \n",
      "(CVXPY) Feb 22 02:27:27 PM: Optimizer started.\n",
      "(CVXPY) Feb 22 02:27:30 PM: Presolve started.\n",
      "(CVXPY) Feb 22 02:27:30 PM: Linear dependency checker started.\n",
      "(CVXPY) Feb 22 02:27:30 PM: Linear dependency checker terminated.\n",
      "(CVXPY) Feb 22 02:27:30 PM: Eliminator started.\n",
      "(CVXPY) Feb 22 02:27:30 PM: Freed constraints in eliminator : 0\n",
      "(CVXPY) Feb 22 02:27:30 PM: Eliminator terminated.\n",
      "(CVXPY) Feb 22 02:27:30 PM: Eliminator - tries                  : 1                 time                   : 0.00            \n",
      "(CVXPY) Feb 22 02:27:30 PM: Lin. dep.  - tries                  : 1                 time                   : 0.00            \n",
      "(CVXPY) Feb 22 02:27:30 PM: Lin. dep.  - primal attempts        : 1                 successes              : 1               \n",
      "(CVXPY) Feb 22 02:27:30 PM: Lin. dep.  - dual attempts          : 0                 successes              : 0               \n",
      "(CVXPY) Feb 22 02:27:30 PM: Lin. dep.  - primal deps.           : 0                 dual deps.             : 0               \n",
      "(CVXPY) Feb 22 02:27:30 PM: Presolve terminated. Time: 0.02    \n",
      "(CVXPY) Feb 22 02:27:32 PM: Optimizer  - threads                : 6               \n",
      "(CVXPY) Feb 22 02:27:32 PM: Optimizer  - solved problem         : the primal      \n",
      "(CVXPY) Feb 22 02:27:32 PM: Optimizer  - Constraints            : 625             \n",
      "(CVXPY) Feb 22 02:27:32 PM: Optimizer  - Cones                  : 0               \n",
      "(CVXPY) Feb 22 02:27:32 PM: Optimizer  - Scalar variables       : 28898             conic                  : 0               \n",
      "(CVXPY) Feb 22 02:27:32 PM: Optimizer  - Semi-definite variables: 1                 scalarized             : 325             \n",
      "(CVXPY) Feb 22 02:27:32 PM: Factor     - setup time             : 1.23            \n",
      "(CVXPY) Feb 22 02:27:32 PM: Factor     - dense det. time        : 0.40              GP order time          : 0.00            \n",
      "(CVXPY) Feb 22 02:27:32 PM: Factor     - nonzeros before factor : 1.72e+05          after factor           : 1.96e+05        \n",
      "(CVXPY) Feb 22 02:27:32 PM: Factor     - dense dim.             : 0                 flops                  : 2.20e+09        \n",
      "(CVXPY) Feb 22 02:27:32 PM: ITE PFEAS    DFEAS    GFEAS    PRSTATUS   POBJ              DOBJ              MU       TIME  \n",
      "(CVXPY) Feb 22 02:27:32 PM: 0   1.0e+00  1.0e+00  1.0e+00  0.00e+00   -0.000000000e+00  -0.000000000e+00  1.0e+00  4.84  \n",
      "(CVXPY) Feb 22 02:27:32 PM: 1   2.7e-01  2.7e-01  1.4e-01  1.00e+00   -0.000000000e+00  -0.000000000e+00  2.7e-01  5.06  \n",
      "(CVXPY) Feb 22 02:27:32 PM: 2   2.0e-03  2.0e-03  9.2e-05  1.00e+00   -0.000000000e+00  -0.000000000e+00  2.0e-03  5.31  \n",
      "(CVXPY) Feb 22 02:27:33 PM: 3   4.1e-05  4.1e-05  2.7e-07  1.00e+00   -0.000000000e+00  -0.000000000e+00  4.1e-05  5.55  \n",
      "(CVXPY) Feb 22 02:27:33 PM: 4   1.7e-06  1.7e-06  2.2e-09  1.00e+00   -0.000000000e+00  -0.000000000e+00  1.7e-06  5.79  \n",
      "(CVXPY) Feb 22 02:27:33 PM: 5   1.9e-08  1.9e-08  2.6e-12  1.00e+00   -0.000000000e+00  -0.000000000e+00  1.9e-08  6.05  \n",
      "(CVXPY) Feb 22 02:27:33 PM: Optimizer terminated. Time: 6.12    \n",
      "(CVXPY) Feb 22 02:27:33 PM: \n",
      "(CVXPY) Feb 22 02:27:33 PM: \n",
      "(CVXPY) Feb 22 02:27:33 PM: Interior-point solution summary\n",
      "(CVXPY) Feb 22 02:27:33 PM:   Problem status  : PRIMAL_AND_DUAL_FEASIBLE\n",
      "(CVXPY) Feb 22 02:27:33 PM:   Solution status : OPTIMAL\n",
      "(CVXPY) Feb 22 02:27:36 PM:   Primal.  obj: 0.0000000000e+00    nrm: 2e-01    Viol.  con: 9e-08    barvar: 2e-08  \n",
      "(CVXPY) Feb 22 02:27:36 PM:   Dual.    obj: 0.0000000000e+00    nrm: 8e+04    Viol.  con: 0e+00    barvar: 2e-08  \n",
      "-------------------------------------------------------------------------------\n",
      "                                    Summary                                    \n",
      "-------------------------------------------------------------------------------\n",
      "(CVXPY) Feb 22 02:27:38 PM: Problem status: optimal\n",
      "(CVXPY) Feb 22 02:27:38 PM: Optimal value: 0.000e+00\n",
      "(CVXPY) Feb 22 02:27:38 PM: Compilation took 3.336e+03 seconds\n",
      "(CVXPY) Feb 22 02:27:38 PM: Solver (including time spent in interface) took 4.356e+01 seconds\n",
      "[[ 7.99091180e-01 -4.85478156e-02  1.16609211e-02 -1.92425124e-01\n",
      "  -3.70641855e-02  1.59478345e-02 -1.62491675e-01 -3.52073002e-02\n",
      "   2.33800083e-02 -1.58887072e-01 -3.21975726e-02 -3.91031129e-03\n",
      "  -1.40243608e-01 -3.67667595e-02 -4.95764788e-04  6.60277085e-06\n",
      "   4.18581706e-05 -8.24550821e-07  4.28675060e-05  8.93158079e-06\n",
      "   5.06856919e-05 -4.39986558e-06 -3.66737318e-06  1.49077421e-05\n",
      "  -1.98642571e-05]\n",
      " [-4.85478156e-02  5.92577127e-01  1.69455618e-02 -4.60208748e-02\n",
      "   1.18410939e-01 -3.88720503e-02 -6.11115030e-02  4.38196396e-02\n",
      "  -1.97647235e-02 -5.99196196e-02  1.81149956e-03  4.63622004e-02\n",
      "  -6.59251761e-02 -5.43586475e-02 -1.84798329e-02 -4.33250727e-05\n",
      "  -2.50201971e-05 -5.46545318e-07 -8.51100294e-05  3.60951599e-06\n",
      "  -8.22576545e-05 -9.64544259e-06 -7.82671146e-05 -3.40207268e-05\n",
      "   1.37357029e-04]\n",
      " [ 1.16609211e-02  1.69455618e-02  8.69111084e-01  1.06476745e-02\n",
      "  -4.67282115e-02 -5.74256274e-02  4.34117916e-03 -1.06005588e-02\n",
      "  -2.47168717e-02 -2.40986546e-03  5.58689079e-03 -1.31053888e-02\n",
      "  -7.13391221e-03  6.39576019e-03 -5.08847383e-02 -1.51476420e-05\n",
      "   5.33967739e-05 -2.47871291e-06  1.17746208e-05 -3.69184547e-05\n",
      "   6.24393870e-05 -1.28282525e-05 -7.72473057e-05  3.85809699e-06\n",
      "   1.35379556e-05]\n",
      " [-1.92425124e-01 -4.60208748e-02  1.06476745e-02  7.87346462e-01\n",
      "  -3.64938858e-02  2.11180137e-02 -1.54011798e-01 -3.20344002e-02\n",
      "   1.65133452e-02 -1.52774319e-01 -2.71668055e-02  2.64848467e-03\n",
      "  -1.34475153e-01 -3.61680151e-02 -2.61791571e-03 -2.15822500e-05\n",
      "   2.96144027e-05 -2.02437714e-05  4.40245880e-05  1.62281357e-05\n",
      "   5.36836765e-05  2.28282132e-06  1.17912226e-05  5.58605852e-06\n",
      "  -2.79123608e-05]\n",
      " [-3.70641855e-02  1.18410939e-01 -4.67282115e-02 -3.64938858e-02\n",
      "   6.67063242e-01 -4.64734650e-02 -3.91854210e-02 -1.48745653e-01\n",
      "   6.51030323e-02 -5.23281890e-02  3.25686028e-02 -1.34252631e-02\n",
      "  -4.59031771e-02 -1.47243036e-02  3.42470747e-02 -3.16784278e-05\n",
      "  -1.00669510e-04 -6.07844098e-05 -1.02645900e-04  2.86243553e-05\n",
      "  -1.04157996e-04  1.02837883e-06  2.90380355e-05 -1.71209343e-05\n",
      "   6.75158313e-05]\n",
      " [ 1.59478345e-02 -3.88720503e-02 -5.74256274e-02  2.11180137e-02\n",
      "  -4.64734650e-02  8.61905794e-01 -9.95956777e-03 -3.12251872e-02\n",
      "  -1.48196568e-02  2.18171795e-02  1.17882020e-02 -5.35350335e-02\n",
      "  -3.44359560e-03  1.64866150e-02  5.88321483e-03 -5.73031285e-06\n",
      "   7.32104750e-05  4.20754786e-05 -3.33961117e-05 -3.13524271e-05\n",
      "   8.04458952e-05 -1.14904209e-05 -1.19531245e-04  2.82084936e-05\n",
      "   2.08574893e-05]\n",
      " [-1.62491675e-01 -6.11115030e-02  4.34117916e-03 -1.54011798e-01\n",
      "  -3.91854210e-02 -9.95956777e-03  8.09799692e-01 -3.50596251e-02\n",
      "   4.88499542e-02 -1.49975876e-01 -3.20623732e-02 -2.53637430e-02\n",
      "  -1.83979595e-01 -3.76147463e-02  1.32206843e-02 -2.30722907e-05\n",
      "   3.30261900e-05  5.71555399e-06  4.91008033e-05 -1.45981898e-05\n",
      "   4.65249445e-05  3.01504126e-05  9.31080191e-06  2.69438160e-05\n",
      "  -2.54240870e-05]\n",
      " [-3.52073002e-02  4.38196396e-02 -1.06005588e-02 -3.20344002e-02\n",
      "  -1.48745653e-01 -3.12251872e-02 -3.50596251e-02  8.82732778e-01\n",
      "  -1.50986832e-02 -5.09868809e-02 -8.65882997e-02 -1.01554077e-02\n",
      "  -4.04031572e-02 -4.76727943e-02  2.42271408e-02 -5.78190252e-05\n",
      "  -1.09253477e-04 -3.25261383e-05 -1.15861661e-04  3.29702860e-05\n",
      "  -5.64818538e-05 -1.12068926e-05  2.17389910e-05 -9.64744787e-06\n",
      "   5.61875633e-05]\n",
      " [ 2.33800083e-02 -1.97647235e-02 -2.47168717e-02  1.65133452e-02\n",
      "   6.51030323e-02 -1.48196568e-02  4.88499542e-02 -1.50986832e-02\n",
      "   7.60399476e-01 -4.05221871e-02 -7.02467805e-02  5.06415893e-02\n",
      "   1.88857206e-02 -5.15968697e-02 -6.46434526e-02  1.28530123e-05\n",
      "   5.10689011e-05 -4.23797107e-05 -3.59253476e-05 -5.89037605e-06\n",
      "   7.57551477e-05 -2.07100007e-05 -1.03990025e-04  2.55559150e-05\n",
      "   3.48321633e-05]\n",
      " [-1.58887072e-01 -5.99196196e-02 -2.40986546e-03 -1.52774319e-01\n",
      "  -5.23281890e-02  2.18171795e-02 -1.49975876e-01 -5.09868809e-02\n",
      "  -4.05221871e-02  8.00077582e-01 -4.29885472e-02  7.69623834e-02\n",
      "  -1.65711474e-01 -3.71198666e-02 -5.12262385e-03 -1.60034088e-05\n",
      "   3.54530881e-05 -3.92703811e-05  4.48580978e-05  3.02423460e-05\n",
      "   5.32652139e-05  3.01244433e-05 -5.27651590e-06  3.12619675e-05\n",
      "  -1.64218666e-05]\n",
      " [-3.21975726e-02  1.81149956e-03  5.58689079e-03 -2.71668055e-02\n",
      "   3.25686028e-02  1.17882020e-02 -3.20623732e-02 -8.65882997e-02\n",
      "  -7.02467805e-02 -4.29885472e-02  7.78647693e-01 -2.29965529e-02\n",
      "  -3.24546058e-02 -9.92324978e-02 -7.35448031e-03 -8.37525400e-05\n",
      "  -1.44427957e-04 -7.98186142e-06 -1.00778648e-04  2.94634168e-05\n",
      "  -3.29762632e-05 -2.19596378e-06  2.35733532e-05 -9.15746045e-06\n",
      "   3.25973802e-05]\n",
      " [-3.91031129e-03  4.63622004e-02 -1.31053888e-02  2.64848467e-03\n",
      "  -1.34252631e-02 -5.35350335e-02 -2.53637430e-02 -1.01554077e-02\n",
      "   5.06415893e-02  7.69623834e-02 -2.29965529e-02  7.85411952e-01\n",
      "   1.01063695e-02 -9.11370731e-03 -3.94892080e-02 -1.50654221e-05\n",
      "   3.95446240e-05 -3.50223773e-06 -2.74465918e-05 -7.38017864e-05\n",
      "   7.54967870e-05 -3.88703851e-05 -9.92445187e-05  2.15697792e-05\n",
      "   2.76616460e-05]\n",
      " [-1.40243608e-01 -6.59251761e-02 -7.13391221e-03 -1.34475153e-01\n",
      "  -4.59031771e-02 -3.44359560e-03 -1.83979595e-01 -4.04031572e-02\n",
      "   1.88857206e-02 -1.65711474e-01 -3.24546058e-02  1.01063695e-02\n",
      "   7.96864315e-01 -3.72083019e-02  1.31118670e-02 -4.46132435e-05\n",
      "   2.62434201e-05 -1.82421280e-05  5.30029315e-05 -9.10533384e-06\n",
      "   4.54683942e-05  5.10223846e-05  1.46752901e-05  3.20120912e-05\n",
      "  -2.72883989e-05]\n",
      " [-3.67667595e-02 -5.43586475e-02  6.39576019e-03 -3.61680151e-02\n",
      "  -1.47243036e-02  1.64866150e-02 -3.76147463e-02 -4.76727943e-02\n",
      "  -5.15968697e-02 -3.71198666e-02 -9.92324978e-02 -9.11370731e-03\n",
      "  -3.72083019e-02  8.62063125e-01 -1.80473055e-02 -6.90308292e-05\n",
      "  -1.69451348e-04 -1.47550200e-05 -7.84698713e-05 -2.78271460e-06\n",
      "  -9.97009692e-05  2.99063115e-05  7.13957368e-05 -2.35186143e-05\n",
      "   1.51849276e-05]\n",
      " [-4.95764788e-04 -1.84798329e-02 -5.08847383e-02 -2.61791571e-03\n",
      "   3.42470747e-02  5.88321483e-03  1.32206843e-02  2.42271408e-02\n",
      "  -6.46434526e-02 -5.12262385e-03 -7.35448031e-03 -3.94892080e-02\n",
      "   1.31118670e-02 -1.80473055e-02  8.94099027e-01  4.56470046e-05\n",
      "   2.59416218e-05 -5.88029509e-05 -2.23304019e-05 -2.95735666e-05\n",
      "   5.56848106e-05 -3.39543687e-05 -1.17912672e-04  2.38738048e-05\n",
      "   5.86911903e-05]\n",
      " [ 6.60277085e-06 -4.33250727e-05 -1.51476420e-05 -2.15822500e-05\n",
      "  -3.16784278e-05 -5.73031285e-06 -2.30722907e-05 -5.78190252e-05\n",
      "   1.28530123e-05 -1.60034088e-05 -8.37525400e-05 -1.50654221e-05\n",
      "  -4.46132435e-05 -6.90308292e-05  4.56470046e-05  1.30010743e-06\n",
      "   1.92913474e-09 -7.52285009e-07 -4.93611723e-08 -2.89328577e-07\n",
      "   3.47640284e-08 -5.19459068e-08  6.05283022e-08  3.58140708e-08\n",
      "   3.52100836e-09]\n",
      " [ 4.18581706e-05 -2.50201971e-05  5.33967739e-05  2.96144027e-05\n",
      "  -1.00669510e-04  7.32104750e-05  3.30261900e-05 -1.09253477e-04\n",
      "   5.10689011e-05  3.54530881e-05 -1.44427957e-04  3.95446240e-05\n",
      "   2.62434201e-05 -1.69451348e-04  2.59416218e-05  1.92913474e-09\n",
      "   3.09042622e-06  3.03990790e-08 -1.66210833e-06  5.06543155e-08\n",
      "  -8.15799291e-08 -4.01490903e-09 -2.90616851e-07 -1.21323660e-08\n",
      "  -1.75002926e-07]\n",
      " [-8.24550821e-07 -5.46545318e-07 -2.47871291e-06 -2.02437714e-05\n",
      "  -6.07844098e-05  4.20754786e-05  5.71555399e-06 -3.25261383e-05\n",
      "  -4.23797107e-05 -3.92703811e-05 -7.98186142e-06 -3.50223773e-06\n",
      "  -1.82421280e-05 -1.47550200e-05 -5.88029509e-05 -7.52285009e-07\n",
      "   3.03990790e-08  2.03279678e-06  6.13439903e-08 -8.88268356e-07\n",
      "  -7.93846760e-08 -2.83324065e-07  2.98007995e-08  5.52455763e-08\n",
      "   7.43389696e-09]\n",
      " [ 4.28675060e-05 -8.51100294e-05  1.17746208e-05  4.40245880e-05\n",
      "  -1.02645900e-04 -3.33961117e-05  4.91008033e-05 -1.15861661e-04\n",
      "  -3.59253476e-05  4.48580978e-05 -1.00778648e-04 -2.74465918e-05\n",
      "   5.30029315e-05 -7.84698713e-05 -2.23304019e-05 -4.93611723e-08\n",
      "  -1.66210833e-06  6.13439903e-08  4.60019665e-06  9.74523496e-08\n",
      "  -1.80990390e-06 -7.14613603e-08 -5.07141119e-08  3.51686825e-08\n",
      "  -4.10920364e-07]\n",
      " [ 8.93158079e-06  3.60951599e-06 -3.69184547e-05  1.62281357e-05\n",
      "   2.86243553e-05 -3.13524271e-05 -1.45981898e-05  3.29702860e-05\n",
      "  -5.89037605e-06  3.02423460e-05  2.94634168e-05 -7.38017864e-05\n",
      "  -9.10533384e-06 -2.78271460e-06 -2.95735666e-05 -2.89328577e-07\n",
      "   5.06543155e-08 -8.88268356e-07  9.74523496e-08  2.12322465e-06\n",
      "  -3.24134593e-08 -7.35990840e-07  1.32432262e-08 -1.95781860e-07\n",
      "  -7.28476397e-08]\n",
      " [ 5.06856919e-05 -8.22576545e-05  6.24393870e-05  5.36836765e-05\n",
      "  -1.04157996e-04  8.04458952e-05  4.65249445e-05 -5.64818538e-05\n",
      "   7.57551477e-05  5.32652139e-05 -3.29762632e-05  7.54967870e-05\n",
      "   4.54683942e-05 -9.97009692e-05  5.56848106e-05  3.47640284e-08\n",
      "  -8.15799291e-08 -7.93846760e-08 -1.80990390e-06 -3.24134593e-08\n",
      "   4.23052778e-06  1.25478266e-07 -1.56351462e-06 -2.29708847e-08\n",
      "  -2.55893445e-07]\n",
      " [-4.39986558e-06 -9.64544259e-06 -1.28282525e-05  2.28282132e-06\n",
      "   1.02837883e-06 -1.14904209e-05  3.01504126e-05 -1.12068926e-05\n",
      "  -2.07100007e-05  3.01244433e-05 -2.19596378e-06 -3.88703851e-05\n",
      "   5.10223846e-05  2.99063115e-05 -3.39543687e-05 -5.19459068e-08\n",
      "  -4.01490903e-09 -2.83324065e-07 -7.14613603e-08 -7.35990840e-07\n",
      "   1.25478266e-07  1.67867239e-06 -6.67197016e-08 -5.61664234e-07\n",
      "   4.01032160e-08]\n",
      " [-3.66737318e-06 -7.82671146e-05 -7.72473057e-05  1.17912226e-05\n",
      "   2.90380355e-05 -1.19531245e-04  9.31080191e-06  2.17389910e-05\n",
      "  -1.03990025e-04 -5.27651590e-06  2.35733532e-05 -9.92445187e-05\n",
      "   1.46752901e-05  7.13957368e-05 -1.17912672e-04  6.05283022e-08\n",
      "  -2.90616851e-07  2.98007995e-08 -5.07141119e-08  1.32432262e-08\n",
      "  -1.56351462e-06 -6.67197016e-08  3.08203981e-06  1.64156983e-08\n",
      "  -8.96505862e-07]\n",
      " [ 1.49077421e-05 -3.40207268e-05  3.85809699e-06  5.58605852e-06\n",
      "  -1.71209343e-05  2.82084936e-05  2.69438160e-05 -9.64744787e-06\n",
      "   2.55559150e-05  3.12619675e-05 -9.15746045e-06  2.15697792e-05\n",
      "   3.20120912e-05 -2.35186143e-05  2.38738048e-05  3.58140708e-08\n",
      "  -1.21323660e-08  5.52455763e-08  3.51686825e-08 -1.95781860e-07\n",
      "  -2.29708847e-08 -5.61664234e-07  1.64156983e-08  7.54849027e-07\n",
      "  -1.10003039e-08]\n",
      " [-1.98642571e-05  1.37357029e-04  1.35379556e-05 -2.79123608e-05\n",
      "   6.75158313e-05  2.08574893e-05 -2.54240870e-05  5.61875633e-05\n",
      "   3.48321633e-05 -1.64218666e-05  3.25973802e-05  2.76616460e-05\n",
      "  -2.72883989e-05  1.51849276e-05  5.86911903e-05  3.52100836e-09\n",
      "  -1.75002926e-07  7.43389696e-09 -4.10920364e-07 -7.28476397e-08\n",
      "  -2.55893445e-07  4.01032160e-08 -8.96505862e-07 -1.10003039e-08\n",
      "   1.81259091e-06]]\n",
      "[[-2.21786658e+02 -5.67497218e+04 -5.35937382e+02  9.86857669e-03\n",
      "   9.84984116e+00  1.86809191e+02  6.38663485e+04  2.78480244e+02\n",
      "  -9.52799114e-03 -5.99890053e+00  4.40949233e+02 -1.87262790e+04\n",
      "   4.67090527e+02  4.34780045e-03 -1.09362350e+01 -2.36707074e+02\n",
      "   1.92310362e+04  2.61992544e+02 -1.06753153e-02 -2.70034335e+00\n",
      "  -1.69293302e+02 -7.62913460e+03 -5.16732667e+02  9.57763082e-03\n",
      "   1.03130303e+01]\n",
      " [-5.67497218e+04  9.86125896e+03  2.04288399e+02 -1.68775801e-01\n",
      "  -2.86630095e-03  2.51903231e+04 -1.95508354e+03  3.69289746e+02\n",
      "  -3.58744319e-02 -1.12372594e-02  6.79132163e+04 -1.21542150e+04\n",
      "  -2.70290298e+02  4.16534350e-03  2.29441158e-02  1.43622459e+04\n",
      "  -7.90403431e+03 -2.62591073e+02  1.26688263e-01  1.45977913e-02\n",
      "  -5.07163985e+04  1.21512434e+04 -3.38353993e+01  7.14762370e-02\n",
      "  -1.94986672e-02]\n",
      " [-5.35937382e+02  2.04288399e+02 -3.72085343e+01  1.66492464e-02\n",
      "   5.80688768e-02  1.45404568e+02  7.20585705e+01  9.26555161e+01\n",
      "  -1.05206752e-02 -5.79779817e-02  8.89462471e+02  3.58694206e+02\n",
      "  -3.83854356e+01  5.61237215e-03  9.24115325e-03  2.37326764e+02\n",
      "   5.50373053e+01 -4.37898759e+01 -3.18452023e-03  8.42360095e-02\n",
      "  -7.36861932e+02 -6.87952913e+02  2.72492781e+01 -9.13131959e-03\n",
      "  -7.94117077e-02]\n",
      " [ 9.86857669e-03 -1.68775801e-01  1.66492464e-02  3.17464942e-07\n",
      "   0.00000000e+00 -1.35952550e-03  1.34520645e-01 -6.84406818e-04\n",
      "  -1.45913910e-08  0.00000000e+00 -2.28280413e-02  2.42337604e-01\n",
      "  -2.72027763e-02 -2.97004680e-07  0.00000000e+00  4.71773483e-03\n",
      "  -1.48165016e-01 -4.13721255e-03  1.94625877e-07  0.00000000e+00\n",
      "   9.49717252e-03 -5.96553232e-02  1.68931591e-02 -2.51910657e-07\n",
      "   0.00000000e+00]\n",
      " [ 9.84984116e+00 -2.86630095e-03  5.80688768e-02  0.00000000e+00\n",
      "   5.73277286e-06 -7.49316622e+00  2.52915108e-02 -1.24527883e-01\n",
      "   0.00000000e+00 -3.03031712e-06 -6.18898354e+00  4.21460573e-02\n",
      "   9.52592031e-02  0.00000000e+00 -1.29859976e-06  6.38931649e+00\n",
      "  -7.54704701e-02 -9.96997877e-03  0.00000000e+00  1.43473505e-07\n",
      "  -2.55768534e+00  1.09329233e-02 -2.48590257e-02  0.00000000e+00\n",
      "   1.65391044e-06]\n",
      " [ 1.86809191e+02  2.51903231e+04  1.45404568e+02 -1.35952550e-03\n",
      "  -7.49316622e+00 -2.14692458e+02 -3.08588803e+04  2.35171670e+01\n",
      "   1.63171608e-03  1.40535805e+01 -2.00487216e+02  9.41666722e+03\n",
      "  -3.08487038e+02 -1.00060881e-02 -6.36628870e+00  4.36973470e+02\n",
      "  -8.79382852e+03 -1.33852672e+02  1.63047480e-02  5.00836721e+00\n",
      "  -2.00913861e+02  5.02659622e+03  2.97125641e+02 -5.80735822e-03\n",
      "  -5.13213903e+00]\n",
      " [ 6.38663485e+04 -1.95508354e+03  7.20585705e+01  1.34520645e-01\n",
      "   2.52915108e-02 -3.08588803e+04 -4.80202411e+03 -4.95078709e+02\n",
      "  -4.81646856e-02 -8.53871256e-03 -7.59086082e+04  1.09462864e+04\n",
      "   1.80739568e+02 -5.87927134e-02 -1.26415226e-02 -1.10591921e+04\n",
      "   2.43393470e+03  3.11238033e+02 -1.96377782e-01 -2.65808746e-02\n",
      "   5.39627482e+04 -6.63076100e+03 -7.71575919e+01  1.74687863e-01\n",
      "   2.43023888e-02]\n",
      " [ 2.78480244e+02  3.69289746e+02  9.26555161e+01 -6.84406818e-04\n",
      "  -1.24527883e-01  2.35171670e+01 -4.95078709e+02 -2.28582477e+02\n",
      "   4.92953423e-03  1.34027274e-01 -7.06630953e+02 -7.83103793e+01\n",
      "   1.53090681e+02 -2.07123651e-02 -6.91411070e-02 -3.94015369e+00\n",
      "   5.71869378e+02  3.32348092e+01  1.66995196e-02 -8.28079421e-02\n",
      "   4.08564487e+02 -3.67769782e+02 -5.11220470e+01 -6.93015418e-04\n",
      "   1.44806910e-01]\n",
      " [-9.52799114e-03 -3.58744319e-02 -1.05206752e-02 -1.45913910e-08\n",
      "   0.00000000e+00  1.63171608e-03 -4.81646856e-02  4.92953423e-03\n",
      "   3.87359150e-07  0.00000000e+00  2.40557497e-02  1.36965136e-01\n",
      "   1.37882133e-02  1.26750534e-07  0.00000000e+00 -1.23567767e-02\n",
      "   4.60813583e-02 -1.10087268e-02 -2.87652201e-07  0.00000000e+00\n",
      "  -3.88244502e-03 -9.92437348e-02  2.27512715e-03  5.72922372e-08\n",
      "   0.00000000e+00]\n",
      " [-5.99890053e+00 -1.12372594e-02 -5.79779817e-02  0.00000000e+00\n",
      "  -3.03031712e-06  1.40535805e+01 -8.53871256e-03  1.34027274e-01\n",
      "   0.00000000e+00  8.22664238e-06  4.70898744e-01 -1.04504812e-02\n",
      "  -1.22654428e-01  0.00000000e+00 -2.25585745e-06 -1.45022055e+01\n",
      "   9.12280352e-02  3.34657553e-02  0.00000000e+00 -9.50795993e-07\n",
      "   5.97638125e+00 -6.11745655e-02  6.11951673e-03  0.00000000e+00\n",
      "   1.85735236e-08]\n",
      " [ 4.40949233e+02  6.79132163e+04  8.89462471e+02 -2.28280413e-02\n",
      "  -6.18898354e+00 -2.00487216e+02 -7.59086082e+04 -7.06630953e+02\n",
      "   2.40557497e-02  4.70898744e-01 -6.15490218e+02  2.56760858e+04\n",
      "  -3.85804168e+02  9.60774983e-04  2.79655713e+01 -4.45436157e+01\n",
      "  -2.71606976e+04 -4.54403643e+02  1.26528530e-03 -1.75435388e+01\n",
      "   4.27523383e+02  9.46449254e+03  7.40190401e+02 -3.45086224e-03\n",
      "  -4.75718200e+00]\n",
      " [-1.87262790e+04 -1.21542150e+04  3.58694206e+02  2.42337604e-01\n",
      "   4.21460573e-02  9.41666722e+03  1.09462864e+04 -7.83103793e+01\n",
      "   1.36965136e-01 -1.04504812e-02  2.56760858e+04  6.90082966e+02\n",
      "  -5.42450921e+02 -1.21198590e-01 -9.24992242e-03 -1.42772674e+03\n",
      "   1.22625974e+04  3.59461214e+01 -1.64393881e-02 -2.66334157e-02\n",
      "  -1.49363649e+04 -1.17523583e+04  2.56384404e+02 -2.28323695e-01\n",
      "   1.40786689e-04]\n",
      " [ 4.67090527e+02 -2.70290298e+02 -3.83854356e+01 -2.72027763e-02\n",
      "   9.52592031e-02 -3.08487038e+02  1.80739568e+02  1.53090681e+02\n",
      "   1.37882133e-02 -1.22654428e-01 -3.85804168e+02 -5.42450921e+02\n",
      "  -1.19172699e+02  1.46422176e-02  1.12336943e-01 -4.75068369e+02\n",
      "  -1.11890027e+01 -2.01157478e+01 -2.12640920e-02 -6.50762830e-02\n",
      "   7.02648013e+02  6.41823909e+02  2.39228170e+01  2.00696457e-02\n",
      "  -2.92297547e-02]\n",
      " [ 4.34780045e-03  4.16534350e-03  5.61237215e-03 -2.97004680e-07\n",
      "   0.00000000e+00 -1.00060881e-02 -5.87927134e-02 -2.07123651e-02\n",
      "   1.26750534e-07  0.00000000e+00  9.60774983e-04 -1.21198590e-01\n",
      "   1.46422176e-02  1.68067128e-07  0.00000000e+00  1.01622213e-02\n",
      "   2.63976785e-01  1.38612679e-02  1.42706369e-07  0.00000000e+00\n",
      "  -5.51628584e-03 -8.77849519e-02 -1.40030282e-02 -2.43605205e-07\n",
      "   0.00000000e+00]\n",
      " [-1.09362350e+01  2.29441158e-02  9.24115325e-03  0.00000000e+00\n",
      "  -1.29859976e-06 -6.36628870e+00 -1.26415226e-02 -6.91411070e-02\n",
      "   0.00000000e+00 -2.25585745e-06  2.79655713e+01 -9.24992242e-03\n",
      "   1.12336943e-01  0.00000000e+00  8.46925679e-06 -4.90302885e+00\n",
      "  -3.93847760e-02 -6.75058555e-02  0.00000000e+00 -2.60841693e-06\n",
      "  -5.76031820e+00  3.84893891e-02  9.53755588e-03  0.00000000e+00\n",
      "  -7.55595811e-07]\n",
      " [-2.36707074e+02  1.43622459e+04  2.37326764e+02  4.71773483e-03\n",
      "   6.38931649e+00  4.36973470e+02 -1.10591921e+04 -3.94015369e+00\n",
      "  -1.23567767e-02 -1.45022055e+01 -4.45436157e+01 -1.42772674e+03\n",
      "  -4.75068369e+02  1.01622213e-02 -4.90302885e+00 -5.53737436e+02\n",
      "   2.82630617e+03  1.60502031e+02 -7.35335643e-04  2.57497952e+01\n",
      "   3.93496177e+02 -4.68428079e+03  7.66383062e+01 -5.02103113e-03\n",
      "  -1.30416075e+01]\n",
      " [ 1.92310362e+04 -7.90403431e+03  5.50373053e+01 -1.48165016e-01\n",
      "  -7.54704701e-02 -8.79382852e+03  2.43393470e+03  5.71869378e+02\n",
      "   4.60813583e-02  9.12280352e-02 -2.71606976e+04  1.22625974e+04\n",
      "  -1.11890027e+01  2.63976785e-01 -3.93847760e-02  2.82630617e+03\n",
      "  -4.67963808e+03 -1.28003722e+03 -1.03937515e-01  5.82090932e-02\n",
      "   1.38952869e+04 -2.10891225e+03  6.76134346e+02 -6.41324523e-02\n",
      "  -4.74009813e-02]\n",
      " [ 2.61992544e+02 -2.62591073e+02 -4.37898759e+01 -4.13721255e-03\n",
      "  -9.96997877e-03 -1.33852672e+02  3.11238033e+02  3.32348092e+01\n",
      "  -1.10087268e-02  3.34657553e-02 -4.54403643e+02  3.59461214e+01\n",
      "  -2.01157478e+01  1.38612679e-02 -6.75058555e-02  1.60502031e+02\n",
      "  -1.28003722e+03  7.74933997e+01  9.02604048e-03  9.06913595e-02\n",
      "   1.66130982e+02  1.19422857e+03 -4.72972675e+01 -6.82372037e-03\n",
      "  -5.42721041e-02]\n",
      " [-1.06753153e-02  1.26688263e-01 -3.18452023e-03  1.94625877e-07\n",
